0.35542017711465723
0.29007138748216166
0.5101765988645528
0.1849892463382392
0.2805747120358243
6.489364880814663e-2
0.9768633673697474
0.38298961517048435
2.6130510657052075e-2
0.25048274726731623
0.9865574145083542
0.5830304599166973
0.6255390356592582
0.5419387756016044
0.7466306226605637
0.9998997949115888
0.787228274786951
6.434170426794972e-2
0.13015151772764677
0.4753983204418254
8.085428597287092e-2
0.5345066054631742
0.2539346784787675
0.24907803932070893
0.38092590709715013
0.6447022082803726
0.7289943951226528
0.893125238309329
0.47344082361303697
0.49106825876175897
0.9993000764464319
0.9028924226944482
0.6773109489474198
0.3886522859976056
0.5879053904818256
0.1663326088870748
0.7419147534273245
0.5841524858465903
0.18664694929429138
0.7850250543013836
0.676865883695632
0.5466025697192749
0.8566698353087666
0.1847111041276287
0.9550366872009398
9.029764699777254e-2
0.4413705390744227
0.9663795874886513
0.34379629711775883
0.12414320005670254
0.7300395130329608
0.6818895019556621
0.14470647082622712
0.6660464356990454
0.7945964001492375
0.7460738556545473
0.40887125981904937
9.835546451515198e-2
6.0974524611564496e-3
0.9567243011341263
0.542781019033868
0.4021913854108998
0.43477143515944616
0.330705477015102
0.9138341571503765
0.42036586907694384
0.4507536816116955
0.8412414975337525
0.6812684145827237
0.9843394738713337
0.9683700666503973
8.130140470943037e-2
0.6135705191414521
7.09268064694123e-2
0.12320635146757586
0.9867993119378692
0.7436849457382805
0.6349825844907216
0.28885439327727347
0.4428072745117667
0.8646895569004789
0.7102053709663142
0.22400638885339508
0.5389510744000177
0.5546334033730776
0.17029824049982867
0.8221615093535686
0.42260034719957196
0.27195587348794814
0.4455454494407385
0.705201464936373
6.083498150479816e-4
0.28319634872288757
5.2601751599708924e-2
0.21693820633484961
0.43646957306709366
0.8292377841205041
0.2049785087803957
0.575885644563148
0.3627252532221844
0.8288852632157968
0.8387215653907587
0.9529751772841779
0.8216501477732574
0.1325224300487644
0.20679021798289743
0.6361348072196257
0.804292614438321
0.11100149900777256
0.698182884574912
0.17216194004651486
0.22556182073549946
0.6798550747405573
0.8057593033355416
0.33381549314353054
0.11648054635216554
7.440964979995257e-2
0.7530394844919889
0.8360702325380639
0.6897472088144072
0.3383700211512939
0.9768760069451063
0.7823454379964869
4.488244186250823e-3
0.3244151224171027
0.9588850101567069
0.6178962857670006
0.36510939978609225
0.1468683856302715
0.9553935177447431
0.8661045265729465
0.7423484594807109
0.40363029021925223
0.5223604017215848
0.9225687730560564
0.27607834032348433
0.5593262517255582
0.8434140967112235
0.27050284621310117
0.37318387196464486
0.4791891981960016
0.47043842472428354
0.6811501662481139
0.7320474960281573
0.12852836232589837
0.9369515495724672
0.38582161134721304
0.9309430138638015
0.44827089646072715
0.9445691368107074
7.6632530414422195e-3
0.6911871638865719
0.20163624114833456
0.5249684591932204
0.376439185235955
0.6694232719362962
0.8892289575111586
0.4882635445140092
0.9499469040718066
0.6218406698921503
0.22017990505905327
0.6514791575160414
0.42069428266550846
0.1077064452909321
0.4517659071593879
4.411203371647299e-2
0.6480999872127597
0.2516841176523975
0.11476154523253235
0.18472185280446274
0.592740716724963
0.5085391163070601
0.556203588740277
0.8146511242953036
0.7582012187396476
0.1516185407492595
0.8335458472048202
6.935234033158144e-2
4.943793228698645e-2
0.36839728592698695
0.6896741790798389
0.7940951273954805
0.3828811036666686
0.7801394025350743
0.566197365220119
0.681608045667607
0.48907308829607044
0.3834260214427301
0.3585536775738324
0.3426923693772336
9.338877363034692e-2
0.8143798425488041
0.593846318918178
0.8752827617746151
0.3910699736298541
0.21561892445185116
9.408986747862857e-2
0.17040917322814897
0.11040910641881108
0.3384105935380183
0.577738170702317
0.36752303514915574
0.28483037949462964
0.9017494013444096
0.5766489476800365
0.8244708948385275
0.8125237790882592
5.145336042635962e-2
0.3037665644830887
0.33887783098647506
2.040664913745982e-2
0.724767267655474
0.9793082625484627
0.8172733830322831
0.8815272789518316
0.8323996743880344
0.18031120010639778
0.815579931977117
0.19881722108175226
0.49489853647749427
0.9543156372848394
0.5119820196723405
0.8775238637894824
0.19274424627453512
8.054695873086937e-3
0.2807925651434634
3.045909470145791e-2
0.8577886818065069
5.311990487726115e-2
0.1783306336154018
0.5649394909134569
0.4230383531567875
0.9525001909119334
0.8386592904058866
0.7781892651353214
0.2695032460921192
0.6212717582153449
0.6035225364040611
3.291565987160372e-2
0.9571022437552716
0.15861809148336992
0.6894426486121992
0.677446330948673
2.5229070245662566e-2
0.4756397489089761
0.29340440002104007
0.5299901999867137
0.8549902166279946
0.2676005420164198
7.613488613253239e-2
0.7976780172888371
0.9502901955691985
0.3537631605750394
0.7385921548903436
0.5868452059164658
0.7303373402213039
