0.886102 GFlops 1024 1024 256 3.0294 
1.01648 GFlops 1024 1024 512 5.28168 
1.0941 GFlops 1024 1024 1024 9.81397 
1.08047 GFlops 1024 1024 2048 19.8755 
1.09594 GFlops 1024 1024 4096 39.1899 
1.0601 GFlops 1024 1024 8192 81.0293 
2.03957 GFlops 2048 2048 256 5.26455 
1.34081 GFlops 2048 2048 512 16.0163 
1.3621 GFlops 2048 2048 1024 31.532 
1.45342 GFlops 2048 2048 2048 59.1015 
1.47615 GFlops 2048 2048 4096 116.383 
1.52994 GFlops 2048 2048 8192 224.582 
1.10278 GFlops 4096 4096 256 38.9466 
1.10232 GFlops 4096 4096 512 77.9262 
1.10972 GFlops 4096 4096 1024 154.812 
1.11194 GFlops 4096 4096 2048 309.008 
