5.25785 GFlops 1024 1024 256 0.510542	 4 4 4 8 4 64 64
5.01418 GFlops 1024 1024 512 1.0707	 4 4 4 8 4 64 64
4.5793 GFlops 1024 1024 1024 2.34477	 4 4 4 8 4 64 64
4.35759 GFlops 1024 1024 2048 4.92815	 4 4 4 8 4 64 64
3.97364 GFlops 1024 1024 4096 10.8086	 4 4 4 8 4 64 64
3.75267 GFlops 1024 1024 8192 22.8902	 4 4 4 8 4 64 64
9.63302 GFlops 2048 2048 8192 35.6687	 4 4 4 8 4 64 64
7.80337 GFlops 4096 4096 8192 176.128	 4 4 4 8 4 64 64
5.58877 GFlops 1024 1024 256 0.480312	 4 4 4 8 4 64 64
5.15663 GFlops 1024 1024 512 1.04113	 4 4 4 8 4 64 64
4.51594 GFlops 1024 1024 1024 2.37767	 4 4 4 8 4 64 64
4.36053 GFlops 1024 1024 2048 4.92482	 4 4 4 8 4 64 64
3.9606 GFlops 1024 1024 4096 10.8442	 4 4 4 8 4 64 64
3.72458 GFlops 1024 1024 8192 23.0628	 4 4 4 8 4 64 64
9.48406 GFlops 2048 2048 8192 36.2289	 4 4 4 8 4 64 64
7.85497 GFlops 4096 4096 8192 174.971	 4 4 4 8 4 64 64
5.71301 GFlops 1024 1024 256 0.469867	 4 4 4 8 4 64 64
4.99062 GFlops 1024 1024 512 1.07576	 4 4 4 8 4 64 64
4.68425 GFlops 1024 1024 1024 2.29224	 4 4 4 8 4 64 64
4.29559 GFlops 1024 1024 2048 4.99927	 4 4 4 8 4 64 64
3.97424 GFlops 1024 1024 4096 10.807	 4 4 4 8 4 64 64
3.72222 GFlops 1024 1024 8192 23.0774	 4 4 4 8 4 64 64
10.1107 GFlops 2048 2048 8192 33.9836	 4 4 4 8 4 64 64
7.7731 GFlops 4096 4096 8192 176.814	 4 4 4 8 4 64 64
