0.185582 GFlops 2048 2048 256 57.858	 4 0 0 8 4 512 512
6.06787 GFlops 2048 2048 256 1.76955	 4 0 0 8 4 512 512
5.65459 GFlops 2048 2048 512 3.79777	 4 0 0 8 4 512 512
4.97595 GFlops 2048 2048 1024 8.63145	 4 0 0 8 4 512 512
4.34996 GFlops 2048 2048 2048 19.7471	 4 0 0 8 4 512 512
4.685 GFlops 2048 2048 1024 9.16748	 4 0 0 8 4 512 512
22.1587 GFlops 4096 4096 1024 7.75312	 4 0 0 8 4 512 512
39.4266 GFlops 8192 8192 1024 17.4297	 4 0 0 8 4 512 512
4.95798 GFlops 2048 2048 1024 8.66273	 4 0 0 8 4 512 512
21.6477 GFlops 4096 4096 1024 7.93612	 4 0 0 8 4 512 512
