Cyclic Index Test
     101     201     301     401       1
     102     202     302     402       2
     103     203     303     403       3
     100     200     300     400       0
C++ Version
       0       1       2       3       4
       1       2       3       4       5
       2       3       4       5       6
       3       4       5       6       7

       2     103     204     305     401
     103     204     305     406     502
     204     305     406     507     603
     301     402     503     604     700

     404   10605   20806   31002   40203
   10605   20806   31007   41203   50404
   20802   31003   41204   51400   60601
   30203   40404   50605   60801   70002

Halide alloc Version
       0       1       2       3       4
       1       2       3       4       5
       2       3       4       5       6
       3       4       5       6       7

       2     103     204     305     401
     103     204     305     406     502
     204     305     406     507     603
     301     402     503     604     700

     404   10605   20806   31002   40203
   10605   20806   31007   41203   50404
   20802   31003   41204   51400   60601
   30203   40404   50605   60801   70002

