1024 1024 1 0.273796
1024 1024 10 0.292566
1024 1024 100 0.85661
1024 1024 1000 7.28471
2048 1024 1 0.257849
2048 1024 10 0.322217
2048 1024 100 1.10203
2048 1024 1000 9.02153
4096 1024 1 0.262349
4096 1024 10 0.371001
4096 1024 100 1.42158
4096 1024 1000 11.8238
8192 1024 1 0.299437
8192 1024 10 0.385947
8192 1024 100 1.49305
8192 1024 1000 12.411
16384 1024 1 0.323764
16384 1024 10 0.48993
16384 1024 100 2.4405
16384 1024 1000 19.808
32768 1024 1 0.415933
32768 1024 10 0.721316
32768 1024 100 3.84251
32768 1024 1000 34.6534
1024 2048 1 0.25578
1024 2048 10 0.316577
1024 2048 100 1.15195
1024 2048 1000 9.41779
2048 2048 1 0.265701
2048 2048 10 0.370042
2048 2048 100 1.44357
2048 2048 1000 12.6881
4096 2048 1 0.285753
4096 2048 10 0.382346
4096 2048 100 1.442
4096 2048 1000 11.7227
8192 2048 1 0.323955
8192 2048 10 0.498235
8192 2048 100 2.134
8192 2048 1000 18.5424
16384 2048 1 0.412613
16384 2048 10 0.734346
16384 2048 100 3.52161
16384 2048 1000 31.8403
32768 2048 1 0.58069
32768 2048 10 1.11959
32768 2048 100 6.52514
32768 2048 1000 59.8953
1024 4096 1 0.263756
1024 4096 10 0.388559
1024 4096 100 1.44735
1024 4096 1000 12.945
2048 4096 1 0.286626
2048 4096 10 0.411512
2048 4096 100 1.54845
2048 4096 1000 12.9152
4096 4096 1 0.325969
4096 4096 10 0.473839
4096 4096 100 2.08171
4096 4096 1000 18.0679
8192 4096 1 0.399157
8192 4096 10 0.683221
8192 4096 100 3.45747
8192 4096 1000 30.6106
16384 4096 1 0.579267
16384 4096 10 1.08843
16384 4096 100 6.2591
16384 4096 1000 58.1028
32768 4096 1 0.9176
32768 4096 10 1.97177
32768 4096 100 12.0526
32768 4096 1000 113.372
1024 8192 1 0.29573
1024 8192 10 0.477506
1024 8192 100 2.0784
1024 8192 1000 17.5371
2048 8192 1 0.325314
2048 8192 10 0.571538
2048 8192 100 2.43978
2048 8192 1000 20.5979
4096 8192 1 0.402479
4096 8192 10 0.703919
4096 8192 100 3.40509
4096 8192 1000 29.8975
8192 8192 1 0.569496
8192 8192 10 1.11441
8192 8192 100 6.26503
8192 8192 1000 57.2405
16384 8192 1 0.950125
16384 8192 10 1.90593
16384 8192 100 11.8249
16384 8192 1000 110.617
32768 8192 1 1.55572
32768 8192 10 3.56845
32768 8192 100 23.0912
32768 8192 1000 219.687
1024 16384 1 0.354352
1024 16384 10 0.627214
1024 16384 100 3.71599
1024 16384 1000 32.3307
2048 16384 1 0.415217
2048 16384 10 0.878157
2048 16384 100 4.16674
2048 16384 1000 37.186
4096 16384 1 0.601711
4096 16384 10 1.07221
4096 16384 100 5.93036
4096 16384 1000 55.2037
8192 16384 1 0.889886
8192 16384 10 1.88913
8192 16384 100 11.6802
8192 16384 1000 110.042
16384 16384 1 1.56631
16384 16384 10 3.54796
16384 16384 100 22.8131
16384 16384 1000 215.72
1024 32768 1 0.448624
1024 32768 10 0.977656
1024 32768 100 6.6283
1024 32768 1000 61.9546
2048 32768 1 0.579348
2048 32768 10 1.20046
2048 32768 100 7.56147
2048 32768 1000 70.0459
4096 32768 1 0.895149
4096 32768 10 1.82438
4096 32768 100 11.088
4096 32768 1000 104.584
8192 32768 1 1.60146
8192 32768 10 3.50334
8192 32768 100 22.2268
8192 32768 1000 212.636
