16 16 1 0.231655
16 16 10 0.192443
16 16 100 0.285838
16 16 1000 0.936177
32 16 1 0.189795
32 16 10 0.190738
32 16 100 0.274294
32 16 1000 1.00201
64 16 1 0.189967
64 16 10 0.189507
64 16 100 0.275264
64 16 1000 0.893174
128 16 1 0.186855
128 16 10 0.187061
128 16 100 0.288281
128 16 1000 1.11157
256 16 1 0.190847
256 16 10 0.189327
256 16 100 0.290554
256 16 1000 1.03668
512 16 1 0.185072
512 16 10 0.192625
512 16 100 0.289299
512 16 1000 1.12746
1024 16 1 0.30071
1024 16 10 0.192612
1024 16 100 0.309028
1024 16 1000 1.06632
2048 16 1 0.190137
2048 16 10 0.193539
2048 16 100 0.314201
2048 16 1000 1.29125
4096 16 1 0.233552
4096 16 10 0.200953
4096 16 100 0.322959
4096 16 1000 1.45651
8192 16 1 0.193735
8192 16 10 0.298724
8192 16 100 0.402772
8192 16 1000 1.97175
16384 16 1 0.194844
16384 16 10 0.259966
16384 16 100 0.516939
16384 16 1000 3.36232
32768 16 1 0.25775
32768 16 10 0.270172
32768 16 100 0.512307
32768 16 1000 4.20277
16 32 1 0.190776
16 32 10 0.190232
16 32 100 0.272573
16 32 1000 1.07458
32 32 1 0.181854
32 32 10 0.187356
32 32 100 0.292766
32 32 1000 1.01371
64 32 1 0.184381
64 32 10 0.19026
64 32 100 0.298161
64 32 1000 1.08807
128 32 1 0.181224
128 32 10 0.191864
128 32 100 0.30411
128 32 1000 1.29246
256 32 1 0.186424
256 32 10 0.190593
256 32 100 0.305315
256 32 1000 1.20313
512 32 1 0.186607
512 32 10 0.191653
512 32 100 0.31029
512 32 1000 1.37531
1024 32 1 0.254429
1024 32 10 0.199793
1024 32 100 0.311177
1024 32 1000 1.4539
2048 32 1 0.189029
2048 32 10 0.194069
2048 32 100 0.341694
2048 32 1000 1.51489
4096 32 1 0.18983
4096 32 10 0.199698
4096 32 100 0.39597
4096 32 1000 1.96882
8192 32 1 0.189305
8192 32 10 0.310377
8192 32 100 0.467134
8192 32 1000 2.96372
16384 32 1 0.2653
16384 32 10 0.264691
16384 32 100 0.710665
16384 32 1000 4.82212
32768 32 1 0.214541
32768 32 10 0.289398
32768 32 100 1.05879
32768 32 1000 8.44482
16 64 1 0.191136
16 64 10 0.190957
16 64 100 0.30434
16 64 1000 1.05018
32 64 1 0.182933
32 64 10 0.185844
32 64 100 0.316701
32 64 1000 1.32084
64 64 1 0.255556
64 64 10 0.188157
64 64 100 0.303068
64 64 1000 1.50419
128 64 1 0.272062
128 64 10 0.2603
128 64 100 0.318383
128 64 1000 1.46373
256 64 1 0.183003
256 64 10 0.194532
256 64 100 0.32999
256 64 1000 1.64967
512 64 1 0.189351
512 64 10 0.198174
512 64 100 0.353099
512 64 1000 1.78789
1024 64 1 0.186474
1024 64 10 0.19659
1024 64 100 0.338401
1024 64 1000 1.95681
2048 64 1 0.190778
2048 64 10 0.201239
2048 64 100 0.351316
2048 64 1000 1.85313
4096 64 1 0.187149
4096 64 10 0.259006
4096 64 100 0.415092
4096 64 1000 2.50775
8192 64 1 0.193488
8192 64 10 0.261423
8192 64 100 0.545069
8192 64 1000 4.05985
16384 64 1 0.258346
16384 64 10 0.282992
16384 64 100 0.926313
16384 64 1000 7.48436
32768 64 1 0.264678
32768 64 10 0.34953
32768 64 100 1.32439
32768 64 1000 12.3635
16 128 1 0.18864
16 128 10 0.198691
16 128 100 0.321836
16 128 1000 1.51568
32 128 1 0.186605
32 128 10 0.191495
32 128 100 0.316958
32 128 1000 1.62021
64 128 1 0.267802
64 128 10 0.193608
64 128 100 0.317417
64 128 1000 1.69012
128 128 1 0.186275
128 128 10 0.194377
128 128 100 0.341293
128 128 1000 1.83125
256 128 1 0.185276
256 128 10 0.197568
256 128 100 0.375151
256 128 1000 2.04311
512 128 1 0.18668
512 128 10 0.197763
512 128 100 0.372863
512 128 1000 2.21483
1024 128 1 0.251074
1024 128 10 0.343097
1024 128 100 0.600032
1024 128 1000 2.69607
2048 128 1 0.193024
2048 128 10 0.268153
2048 128 100 0.448335
2048 128 1000 3.00758
4096 128 1 0.192926
4096 128 10 0.266458
4096 128 100 0.52166
4096 128 1000 3.58126
8192 128 1 0.264073
8192 128 10 0.270945
8192 128 100 0.746652
8192 128 1000 5.76329
16384 128 1 0.251046
16384 128 10 0.327171
16384 128 100 1.15762
16384 128 1000 9.68918
32768 128 1 0.255014
32768 128 10 0.423902
32768 128 100 1.87873
32768 128 1000 19.0937
16 256 1 0.189102
16 256 10 0.200147
16 256 100 0.343914
16 256 1000 1.89137
32 256 1 0.192443
32 256 10 0.199257
32 256 100 0.351748
32 256 1000 2.02253
64 256 1 0.25937
64 256 10 0.200563
64 256 100 0.394127
64 256 1000 2.39761
128 256 1 0.188579
128 256 10 0.202374
128 256 100 0.399739
128 256 1000 2.3973
256 256 1 0.189915
256 256 10 0.269471
256 256 100 0.41776
256 256 1000 2.49439
512 256 1 0.189817
512 256 10 0.199184
512 256 100 0.41642
512 256 1000 3.07366
1024 256 1 0.192366
1024 256 10 0.253905
1024 256 100 0.477029
1024 256 1000 3.65874
2048 256 1 0.195053
2048 256 10 0.265809
2048 256 100 0.5827
2048 256 1000 4.45771
4096 256 1 0.257513
4096 256 10 0.266571
4096 256 100 0.712192
4096 256 1000 5.68591
8192 256 1 0.257686
8192 256 10 0.31205
8192 256 100 0.989644
8192 256 1000 8.32971
16384 256 1 0.26872
16384 256 10 0.371256
16384 256 100 1.56263
16384 256 1000 13.3534
32768 256 1 0.283078
32768 256 10 0.408392
32768 256 100 1.76636
32768 256 1000 15.3521
16 512 1 0.193701
16 512 10 0.281447
16 512 100 0.412614
16 512 1000 2.5029
32 512 1 0.187959
32 512 10 0.287916
32 512 100 0.425851
32 512 1000 2.94262
64 512 1 0.25363
64 512 10 0.31393
64 512 100 0.424959
64 512 1000 3.06827
128 512 1 0.192064
128 512 10 0.262823
128 512 100 0.466816
128 512 1000 3.59073
256 512 1 0.194475
256 512 10 0.258629
256 512 100 0.502
256 512 1000 3.97177
512 512 1 0.194558
512 512 10 0.259273
512 512 100 0.572703
512 512 1000 4.10064
1024 512 1 0.262317
1024 512 10 0.258456
1024 512 100 0.636914
1024 512 1000 4.93763
2048 512 1 0.262976
2048 512 10 0.266216
2048 512 100 0.752261
2048 512 1000 6.56401
4096 512 1 0.261936
4096 512 10 0.310823
4096 512 100 0.948736
4096 512 1000 8.2474
8192 512 1 0.270186
8192 512 10 0.364461
8192 512 100 1.50144
8192 512 1000 13.4471
16384 512 1 0.274416
16384 512 10 0.394748
16384 512 100 1.65251
16384 512 1000 14.1522
32768 512 1 0.331349
32768 512 10 0.519309
32768 512 100 2.4445
32768 512 1000 21.8154
16 1024 1 0.187716
16 1024 10 0.264408
16 1024 100 0.502612
16 1024 1000 3.96369
32 1024 1 0.192661
32 1024 10 0.262634
32 1024 100 0.522363
32 1024 1000 4.15163
64 1024 1 0.192641
64 1024 10 0.266004
64 1024 100 0.572833
64 1024 1000 4.51105
128 1024 1 0.194229
128 1024 10 0.266523
128 1024 100 0.576758
128 1024 1000 4.8131
256 1024 1 0.196965
256 1024 10 0.268537
256 1024 100 0.665351
256 1024 1000 5.16218
512 1024 1 0.248717
512 1024 10 0.232265
512 1024 100 0.760566
512 1024 1000 5.84213
1024 1024 1 0.2548
1024 1024 10 0.27402
1024 1024 100 0.834424
1024 1024 1000 6.99822
2048 1024 1 0.270941
2048 1024 10 0.300661
2048 1024 100 1.10106
2048 1024 1000 9.95448
4096 1024 1 0.257041
4096 1024 10 0.354216
4096 1024 100 1.51979
4096 1024 1000 14.632
8192 1024 1 0.292029
8192 1024 10 0.389823
8192 1024 100 1.52331
8192 1024 1000 12.4195
16384 1024 1 0.317958
16384 1024 10 0.501582
16384 1024 100 2.30857
16384 1024 1000 19.4386
32768 1024 1 0.39211
32768 1024 10 0.713679
32768 1024 100 3.79529
32768 1024 1000 34.4624
16 2048 1 0.263388
16 2048 10 0.269608
16 2048 100 0.604288
16 2048 1000 4.79555
32 2048 1 0.248381
32 2048 10 0.255206
32 2048 100 0.610382
32 2048 1000 4.98173
64 2048 1 0.253675
64 2048 10 0.280561
64 2048 100 0.720913
64 2048 1000 5.28503
128 2048 1 0.250051
128 2048 10 0.263557
128 2048 100 0.786048
128 2048 1000 5.76677
256 2048 1 0.196115
256 2048 10 0.273309
256 2048 100 0.79236
256 2048 1000 6.32243
512 2048 1 0.261292
512 2048 10 0.292921
512 2048 100 0.958553
512 2048 1000 7.89771
1024 2048 1 0.262812
1024 2048 10 0.32766
1024 2048 100 1.16717
1024 2048 1000 9.64549
2048 2048 1 0.264293
2048 2048 10 0.363385
2048 2048 100 1.42615
2048 2048 1000 12.2202
4096 2048 1 0.272684
4096 2048 10 0.388644
4096 2048 100 1.45749
4096 2048 1000 11.8275
8192 2048 1 0.313014
8192 2048 10 0.479342
8192 2048 100 2.13846
8192 2048 1000 18.8654
16384 2048 1 0.421785
16384 2048 10 0.696971
16384 2048 100 3.5811
16384 2048 1000 32.0884
32768 2048 1 0.559951
32768 2048 10 1.13949
32768 2048 100 6.3856
32768 2048 1000 59.5247
16 4096 1 0.191684
16 4096 10 0.279891
16 4096 100 0.822818
16 4096 1000 6.44665
32 4096 1 0.261128
32 4096 10 0.272262
32 4096 100 0.861382
32 4096 1000 6.66817
64 4096 1 0.193914
64 4096 10 0.268222
64 4096 100 0.80542
64 4096 1000 6.77635
128 4096 1 0.19486
128 4096 10 0.283068
128 4096 100 0.870637
128 4096 1000 7.22204
256 4096 1 0.281343
256 4096 10 0.300301
256 4096 100 1.02013
256 4096 1000 8.35403
512 4096 1 0.263574
512 4096 10 0.351955
512 4096 100 1.17296
512 4096 1000 10.467
1024 4096 1 0.26903
1024 4096 10 0.380282
1024 4096 100 1.51754
1024 4096 1000 13.2434
2048 4096 1 0.276843
2048 4096 10 0.409315
2048 4096 100 1.51413
2048 4096 1000 12.8096
4096 4096 1 0.312163
4096 4096 10 0.494986
4096 4096 100 2.15777
4096 4096 1000 18.2544
8192 4096 1 0.414421
8192 4096 10 0.723714
8192 4096 100 3.46297
8192 4096 1000 30.9384
16384 4096 1 0.553845
16384 4096 10 1.08457
16384 4096 100 6.26852
16384 4096 1000 58.6922
32768 4096 1 0.880095
32768 4096 10 1.94567
32768 4096 100 11.804
32768 4096 1000 110.897
16 8192 1 0.243943
16 8192 10 0.314868
16 8192 100 0.84734
16 8192 1000 6.7546
32 8192 1 0.194326
32 8192 10 0.279162
32 8192 100 0.8738
32 8192 1000 6.90295
64 8192 1 0.252164
64 8192 10 0.284323
64 8192 100 0.962851
64 8192 1000 7.66168
128 8192 1 0.252996
128 8192 10 0.315797
128 8192 100 1.08245
128 8192 1000 8.90851
256 8192 1 0.268308
256 8192 10 0.326623
256 8192 100 1.29967
256 8192 1000 10.9352
512 8192 1 0.262444
512 8192 10 0.364473
512 8192 100 1.49678
512 8192 1000 13.8941
1024 8192 1 0.286355
1024 8192 10 0.434524
1024 8192 100 2.05299
1024 8192 1000 17.9324
2048 8192 1 0.318175
2048 8192 10 0.498305
2048 8192 100 2.3956
2048 8192 1000 20.5511
4096 8192 1 0.393318
4096 8192 10 0.659366
4096 8192 100 3.37183
4096 8192 1000 30.2594
8192 8192 1 0.582221
8192 8192 10 1.05402
8192 8192 100 6.12395
8192 8192 1000 56.2765
16384 8192 1 0.877204
16384 8192 10 1.88613
16384 8192 100 11.5857
16384 8192 1000 108.561
32768 8192 1 1.64232
32768 8192 10 3.49057
32768 8192 100 22.7526
32768 8192 1000 212.607
16 16384 1 0.243908
16 16384 10 0.299831
16 16384 100 0.991435
16 16384 1000 7.9943
32 16384 1 0.262474
32 16384 10 0.317042
32 16384 100 0.783272
32 16384 1000 8.15831
64 16384 1 0.261218
64 16384 10 0.319913
64 16384 100 1.02649
64 16384 1000 10.0721
128 16384 1 0.262375
128 16384 10 0.348538
128 16384 100 1.38499
128 16384 1000 11.8235
256 16384 1 0.272189
256 16384 10 0.372122
256 16384 100 1.66905
256 16384 1000 15.3366
512 16384 1 0.292109
512 16384 10 0.495333
512 16384 100 2.59577
512 16384 1000 24.9308
1024 16384 1 0.323374
1024 16384 10 0.599812
1024 16384 100 3.63112
1024 16384 1000 33.1157
2048 16384 1 0.433626
2048 16384 10 0.740878
2048 16384 100 4.19299
2048 16384 1000 37.5627
4096 16384 1 0.611326
4096 16384 10 1.17088
4096 16384 100 5.97031
4096 16384 1000 55.2325
8192 16384 1 0.978529
8192 16384 10 1.83145
8192 16384 100 11.6411
8192 16384 1000 108.282
16384 16384 1 1.51498
16384 16384 10 3.43899
16384 16384 100 22.3624
16384 16384 1000 210.378
16 32768 1 0.245847
16 32768 10 0.318294
16 32768 100 1.2267
16 32768 1000 10.3418
32 32768 1 0.26481
32 32768 10 0.328949
32 32768 100 1.11291
32 32768 1000 11.417
64 32768 1 0.232891
64 32768 10 0.381726
64 32768 100 1.51351
64 32768 1000 13.8173
128 32768 1 0.275761
128 32768 10 0.413888
128 32768 100 1.80085
128 32768 1000 17.1677
256 32768 1 0.284073
256 32768 10 0.471459
256 32768 100 2.93842
256 32768 1000 27.0336
512 32768 1 0.332363
512 32768 10 0.625206
512 32768 100 4.79686
512 32768 1000 46.2489
1024 32768 1 0.426834
1024 32768 10 0.992793
1024 32768 100 6.48408
1024 32768 1000 62.774
2048 32768 1 0.611161
2048 32768 10 1.20863
2048 32768 100 7.61238
2048 32768 1000 71.1462
4096 32768 1 0.855699
4096 32768 10 1.80778
4096 32768 100 11.1027
4096 32768 1000 103.9
8192 32768 1 1.51447
8192 32768 10 3.44287
8192 32768 100 22.3196
8192 32768 1000 209.998
