16 16 1 0.130336
16 16 10 0.12314
16 16 100 0.123606
16 16 1000 0.133143
32 16 1 0.12279
32 16 10 0.122973
32 16 100 0.124377
32 16 1000 0.138239
64 16 1 0.122741
64 16 10 0.123352
64 16 100 0.125415
64 16 1000 0.14783
128 16 1 0.123135
128 16 10 0.123224
128 16 100 0.129968
128 16 1000 0.169094
256 16 1 0.123108
256 16 10 0.124245
256 16 100 0.146645
256 16 1000 0.293639
512 16 1 0.123715
512 16 10 0.125077
512 16 100 0.14493
512 16 1000 0.669603
1024 16 1 0.132619
1024 16 10 0.126308
1024 16 100 0.160911
1024 16 1000 1.06277
2048 16 1 0.128817
2048 16 10 0.130215
2048 16 100 0.19196
2048 16 1000 1.36907
4096 16 1 0.127858
4096 16 10 0.137536
4096 16 100 0.279653
4096 16 1000 1.99802
8192 16 1 0.129558
8192 16 10 0.152834
8192 16 100 0.410151
8192 16 1000 3.29034
16384 16 1 0.140192
16384 16 10 0.184217
16384 16 100 0.687011
16384 16 1000 5.99
32768 16 1 0.158179
32768 16 10 0.268496
32768 16 100 1.2357
32768 16 1000 11.2471
16 32 1 0.126727
16 32 10 0.123502
16 32 100 0.124995
16 32 1000 0.13844
32 32 1 0.123154
32 32 10 0.123682
32 32 100 0.125671
32 32 1000 0.147931
64 32 1 0.12287
64 32 10 0.123599
64 32 100 0.127363
64 32 1000 0.167683
128 32 1 0.123117
128 32 10 0.123843
128 32 100 0.136081
128 32 1000 0.263734
256 32 1 0.125501
256 32 10 0.124672
256 32 100 0.149602
256 32 1000 0.398252
512 32 1 0.12625
512 32 10 0.126487
512 32 100 0.166873
512 32 1000 1.15326
1024 32 1 0.125362
1024 32 10 0.130056
1024 32 100 0.199079
1024 32 1000 2.00472
2048 32 1 0.127493
2048 32 10 0.13758
2048 32 100 0.28654
2048 32 1000 2.61618
4096 32 1 0.132218
4096 32 10 0.151972
4096 32 100 0.431991
4096 32 1000 3.90248
8192 32 1 0.138693
8192 32 10 0.182026
8192 32 100 0.681101
8192 32 1000 6.49768
16384 32 1 0.152778
16384 32 10 0.269682
16384 32 100 1.22789
16384 32 1000 11.8299
32768 32 1 0.177597
32768 32 10 0.392217
32768 32 100 2.39688
32768 32 1000 22.9687
16 64 1 0.129258
16 64 10 0.123425
16 64 100 0.125534
16 64 1000 0.148521
32 64 1 0.123363
32 64 10 0.123515
32 64 100 0.1275
32 64 1000 0.168288
64 64 1 0.123176
64 64 10 0.124471
64 64 100 0.131885
64 64 1000 0.272073
128 64 1 0.123101
128 64 10 0.124908
128 64 100 0.153496
128 64 1000 0.324123
256 64 1 0.126276
256 64 10 0.126892
256 64 100 0.183676
256 64 1000 0.674333
512 64 1 0.125764
512 64 10 0.130208
512 64 100 0.26707
512 64 1000 2.1897
1024 64 1 0.131362
1024 64 10 0.137859
1024 64 100 0.306686
1024 64 1000 3.83583
2048 64 1 0.133657
2048 64 10 0.152089
2048 64 100 0.433145
2048 64 1000 5.10624
4096 64 1 0.137666
4096 64 10 0.223826
4096 64 100 0.72843
4096 64 1000 7.66642
8192 64 1 0.153849
8192 64 10 0.264903
8192 64 100 1.21998
8192 64 1000 12.7911
16384 64 1 0.176594
16384 64 10 0.413705
16384 64 100 2.39671
16384 64 1000 23.8632
32768 64 1 0.256085
32768 64 10 0.634179
32768 64 100 4.54078
32768 64 1000 45.4194
16 128 1 0.127439
16 128 10 0.123736
16 128 100 0.13139
16 128 1000 0.172474
32 128 1 0.123038
32 128 10 0.123981
32 128 100 0.137492
32 128 1000 0.294175
64 128 1 0.123729
64 128 10 0.12488
64 128 100 0.154039
64 128 1000 0.333016
128 128 1 0.126536
128 128 10 0.126954
128 128 100 0.270197
128 128 1000 0.565689
256 128 1 0.128335
256 128 10 0.130361
256 128 100 0.290933
256 128 1000 1.36223
512 128 1 0.133951
512 128 10 0.138204
512 128 100 0.35838
512 128 1000 4.41157
1024 128 1 0.136457
1024 128 10 0.152962
1024 128 100 0.491538
1024 128 1000 7.74257
2048 128 1 0.140748
2048 128 10 0.183104
2048 128 100 0.759681
2048 128 1000 10.4342
4096 128 1 0.149196
4096 128 10 0.267433
4096 128 100 1.30897
4096 128 1000 15.6611
8192 128 1 0.174266
8192 128 10 0.395785
8192 128 100 2.41095
8192 128 1000 26.6291
16384 128 1 0.269089
16384 128 10 0.638578
16384 128 100 4.62027
16384 128 1000 48.2606
32768 128 1 0.34575
32768 128 10 1.1343
32768 128 100 9.10812
32768 128 1000 92.7748
16 256 1 0.12503
16 256 10 0.124643
16 256 100 0.135253
16 256 1000 0.303466
32 256 1 0.125354
32 256 10 0.125831
32 256 100 0.14674
32 256 1000 0.450939
64 256 1 0.12632
64 256 10 0.127454
64 256 100 0.172461
64 256 1000 0.751237
128 256 1 0.12867
128 256 10 0.130692
128 256 100 0.293974
128 256 1000 1.46361
256 256 1 0.125436
256 256 10 0.13752
256 256 100 0.374854
256 256 1000 3.47846
512 256 1 0.131489
512 256 10 0.152341
512 256 100 0.515073
512 256 1000 9.73779
1024 256 1 0.139329
1024 256 10 0.183424
1024 256 100 0.794252
1024 256 1000 16.3971
2048 256 1 0.155746
2048 256 10 0.285095
2048 256 100 1.32944
2048 256 1000 21.6843
4096 256 1 0.178168
4096 256 10 0.391263
4096 256 100 2.47439
4096 256 1000 32.8193
8192 256 1 0.257004
8192 256 10 0.627494
8192 256 100 4.60403
8192 256 1000 53.9305
16384 256 1 0.345408
16384 256 10 1.12816
16384 256 100 9.07176
16384 256 1000 97.9096
32768 256 1 0.561128
32768 256 10 2.17781
32768 256 100 18.9027
32768 256 1000 195.588
16 512 1 0.122453
16 512 10 0.123242
16 512 100 0.143956
16 512 1000 0.639719
32 512 1 0.123556
32 512 10 0.125115
32 512 100 0.166138
32 512 1000 1.10681
64 512 1 0.123406
64 512 10 0.128737
64 512 100 0.269562
64 512 1000 2.07544
128 512 1 0.125735
128 512 10 0.13627
128 512 100 0.360419
128 512 1000 4.14396
256 512 1 0.13111
256 512 10 0.150475
256 512 100 0.536871
256 512 1000 8.93665
512 512 1 0.139456
512 512 10 0.179407
512 512 100 0.80523
512 512 1000 19.1914
1024 512 1 0.14962
1024 512 10 0.263683
1024 512 100 1.34372
1024 512 1000 29.9586
2048 512 1 0.176935
2048 512 10 0.385907
2048 512 100 2.47029
2048 512 1000 40.8983
4096 512 1 0.261696
4096 512 10 0.62795
4096 512 100 4.57666
4096 512 1000 61.7216
8192 512 1 0.339084
8192 512 10 1.10499
8192 512 100 8.89506
8192 512 1000 104.478
16384 512 1 0.560549
16384 512 10 2.20342
16384 512 100 18.7603
16384 512 1000 202.879
32768 512 1 0.93084
32768 512 10 4.24416
32768 512 100 37.2278
32768 512 1000 385.598
16 1024 1 0.124921
16 1024 10 0.126893
16 1024 100 0.161959
16 1024 1000 0.944649
32 1024 1 0.124343
32 1024 10 0.130573
32 1024 100 0.20022
32 1024 1000 1.73358
64 1024 1 0.12744
64 1024 10 0.138027
64 1024 100 0.302672
64 1024 1000 3.3431
128 1024 1 0.135392
128 1024 10 0.153379
128 1024 100 0.492634
128 1024 1000 6.72691
256 1024 1 0.136776
256 1024 10 0.183162
256 1024 100 0.781557
256 1024 1000 14.3447
512 1024 1 0.15674
512 1024 10 0.265328
512 1024 100 1.33553
512 1024 1000 29.7412
1024 1024 1 0.176918
1024 1024 10 0.383043
1024 1024 100 2.42249
1024 1024 1000 46.9267
2048 1024 1 0.256063
2048 1024 10 0.624131
2048 1024 100 4.58619
2048 1024 1000 68.409
4096 1024 1 0.341739
4096 1024 10 1.10292
4096 1024 100 8.85049
4096 1024 1000 110.666
8192 1024 1 0.535914
8192 1024 10 2.14557
8192 1024 100 18.3873
8192 1024 1000 205.1
16384 1024 1 0.951343
16384 1024 10 4.22762
16384 1024 100 37.1094
16384 1024 1000 391.352
16 2048 1 0.125622
16 2048 10 0.130306
16 2048 100 0.193862
16 2048 1000 1.39609
32 2048 1 0.128692
32 2048 10 0.137869
32 2048 100 0.288081
32 2048 1000 2.80534
64 2048 1 0.131945
64 2048 10 0.15211
64 2048 100 0.431537
64 2048 1000 5.15307
128 2048 1 0.139817
128 2048 10 0.182954
128 2048 100 0.759138
128 2048 1000 10.3176
256 2048 1 0.151698
256 2048 10 0.265951
256 2048 100 1.3376
256 2048 1000 21.2963
512 2048 1 0.17564
512 2048 10 0.397903
512 2048 100 2.44051
512 2048 1000 42.6395
1024 2048 1 0.259012
1024 2048 10 0.62184
1024 2048 100 4.5744
1024 2048 1000 70.3899
2048 2048 1 0.335945
2048 2048 10 1.06664
2048 2048 100 8.54996
2048 2048 1000 110.111
4096 2048 1 0.565245
4096 2048 10 2.15548
4096 2048 100 18.3394
4096 2048 1000 206.742
8192 2048 1 0.916839
8192 2048 10 4.13955
8192 2048 100 36.3842
8192 2048 1000 385.267
16 4096 1 0.130204
16 4096 10 0.140011
16 4096 100 0.285523
16 4096 1000 2.04426
32 4096 1 0.132781
32 4096 10 0.154888
32 4096 100 0.420749
32 4096 1000 3.93535
64 4096 1 0.141931
64 4096 10 0.185295
64 4096 100 0.69903
64 4096 1000 7.73868
128 4096 1 0.152579
128 4096 10 0.273238
128 4096 100 1.2927
128 4096 1000 15.5307
256 4096 1 0.176834
256 4096 10 0.390393
256 4096 100 2.47167
256 4096 1000 32.0053
512 4096 1 0.256072
512 4096 10 0.618692
512 4096 100 4.53185
512 4096 1000 63.2649
1024 4096 1 0.347145
1024 4096 10 1.10185
1024 4096 100 8.85178
1024 4096 1000 112.741
2048 4096 1 0.541999
2048 4096 10 2.14999
2048 4096 100 18.3841
2048 4096 1000 207.347
4096 4096 1 0.890978
4096 4096 10 3.97909
4096 4096 100 34.8288
4096 4096 1000 370.183
16 8192 1 0.132671
16 8192 10 0.159885
16 8192 100 0.416635
16 8192 1000 3.34476
32 8192 1 0.141466
32 8192 10 0.184556
32 8192 100 0.684463
32 8192 1000 6.55577
64 8192 1 0.154999
64 8192 10 0.272578
64 8192 100 1.22256
64 8192 1000 12.9241
128 8192 1 0.183059
128 8192 10 0.386438
128 8192 100 2.35877
128 8192 1000 26.4007
256 8192 1 0.256843
256 8192 10 0.623847
256 8192 100 4.52542
256 8192 1000 52.5536
512 8192 1 0.3424
512 8192 10 1.09201
512 8192 100 8.7384
512 8192 1000 104.936
1024 8192 1 0.544021
1024 8192 10 2.18089
1024 8192 100 18.6965
1024 8192 1000 210.269
2048 8192 1 0.92245
2048 8192 10 4.14721
2048 8192 100 36.3316
2048 8192 1000 384.872
16 16384 1 0.139546
16 16384 10 0.185023
16 16384 100 0.68435
16 16384 1000 5.99194
32 16384 1 0.156488
32 16384 10 0.280213
32 16384 100 1.21501
32 16384 1000 11.7782
64 16384 1 0.176356
64 16384 10 0.387758
64 16384 100 2.34273
64 16384 1000 23.689
128 16384 1 0.261037
128 16384 10 0.642714
128 16384 100 4.4951
128 16384 1000 46.9356
256 16384 1 0.341436
256 16384 10 1.08973
256 16384 100 8.71007
256 16384 1000 93.8668
512 16384 1 0.522039
512 16384 10 2.05576
512 16384 100 17.6954
512 16384 1000 192.12
1024 16384 1 0.949504
1024 16384 10 4.23347
1024 16384 100 36.9932
1024 16384 1000 391.403
16 32768 1 0.150805
16 32768 10 0.268266
16 32768 100 1.21718
16 32768 1000 11.2579
32 32768 1 0.176597
32 32768 10 0.387622
32 32768 100 2.29983
32 32768 1000 22.5272
64 32768 1 0.259886
64 32768 10 0.617824
64 32768 100 4.43645
64 32768 1000 44.5589
128 32768 1 0.342012
128 32768 10 1.0884
128 32768 100 8.68944
128 32768 1000 88.4214
256 32768 1 0.519923
256 32768 10 2.04786
256 32768 100 17.4658
256 32768 1000 180.686
512 32768 1 0.884016
512 32768 10 3.98142
512 32768 100 34.6603
512 32768 1000 361.584
