16 16 1 0.227526
16 16 10 0.191575
16 16 100 0.272178
16 16 1000 0.940671
32 16 1 0.293079
32 16 10 0.188089
32 16 100 0.289812
32 16 1000 0.952903
64 16 1 0.189047
64 16 10 0.196714
64 16 100 0.291466
64 16 1000 0.980361
128 16 1 0.18687
128 16 10 0.198897
128 16 100 0.2948
128 16 1000 0.953807
256 16 1 0.187329
256 16 10 0.193029
256 16 100 0.292527
256 16 1000 1.0298
512 16 1 0.19121
512 16 10 0.191255
512 16 100 0.287854
512 16 1000 1.24011
1024 16 1 0.26001
1024 16 10 0.261158
1024 16 100 0.299847
1024 16 1000 1.52174
2048 16 1 0.188921
2048 16 10 0.196098
2048 16 100 0.285133
2048 16 1000 1.61443
4096 16 1 0.188552
4096 16 10 0.198848
4096 16 100 0.339618
4096 16 1000 1.86113
8192 16 1 0.26566
8192 16 10 0.266582
8192 16 100 0.376633
8192 16 1000 2.39707
16384 16 1 0.200891
16384 16 10 0.265303
16384 16 100 0.488901
16384 16 1000 3.05049
32768 16 1 0.193415
32768 16 10 0.261585
32768 16 100 0.827243
32768 16 1000 2.96486
16 32 1 0.183895
16 32 10 0.343015
16 32 100 0.293955
16 32 1000 1.40801
32 32 1 0.190159
32 32 10 0.18795
32 32 100 0.315592
32 32 1000 1.19961
64 32 1 0.183193
64 32 10 0.194343
64 32 100 0.32537
64 32 1000 1.36914
128 32 1 0.293874
128 32 10 0.197311
128 32 100 0.309783
128 32 1000 1.36716
256 32 1 0.184089
256 32 10 0.192395
256 32 100 0.329375
256 32 1000 1.67693
512 32 1 0.191255
512 32 10 0.272294
512 32 100 0.330901
512 32 1000 1.80036
1024 32 1 0.186771
1024 32 10 0.194874
1024 32 100 0.321765
1024 32 1000 2.23883
2048 32 1 0.186291
2048 32 10 0.194354
2048 32 100 0.353994
2048 32 1000 2.24916
4096 32 1 0.192031
4096 32 10 0.199757
4096 32 100 0.385326
4096 32 1000 2.75996
8192 32 1 0.194192
8192 32 10 0.26357
8192 32 100 0.482272
8192 32 1000 3.28516
16384 32 1 0.258639
16384 32 10 0.315365
16384 32 100 0.763679
16384 32 1000 6.38581
32768 32 1 0.264601
32768 32 10 0.341205
32768 32 100 1.2371
32768 32 1000 10.2137
16 64 1 0.185835
16 64 10 0.193012
16 64 100 0.33602
16 64 1000 1.53014
32 64 1 0.188642
32 64 10 0.192624
32 64 100 0.333424
32 64 1000 1.48284
64 64 1 0.182154
64 64 10 0.193533
64 64 100 0.332792
64 64 1000 1.57067
128 64 1 0.280933
128 64 10 0.259169
128 64 100 0.337809
128 64 1000 1.71146
256 64 1 0.189244
256 64 10 0.195093
256 64 100 0.345398
256 64 1000 1.74238
512 64 1 0.187889
512 64 10 0.26089
512 64 100 0.352324
512 64 1000 2.37586
1024 64 1 0.187314
1024 64 10 0.195971
1024 64 100 0.350717
1024 64 1000 2.6674
2048 64 1 0.185985
2048 64 10 0.287259
2048 64 100 0.379956
2048 64 1000 3.08158
4096 64 1 0.190394
4096 64 10 0.271859
4096 64 100 0.445077
4096 64 1000 3.25836
8192 64 1 0.191079
8192 64 10 0.25632
8192 64 100 0.543892
8192 64 1000 4.37581
16384 64 1 0.254417
16384 64 10 0.303325
16384 64 100 1.01872
16384 64 1000 9.6589
32768 64 1 0.253938
32768 64 10 0.365878
32768 64 100 1.75354
32768 64 1000 15.4573
16 128 1 0.18252
16 128 10 0.192786
16 128 100 0.388874
16 128 1000 1.66415
32 128 1 0.188422
32 128 10 0.194777
32 128 100 0.346036
32 128 1000 1.87495
64 128 1 0.18832
64 128 10 0.199476
64 128 100 0.368129
64 128 1000 2.03635
128 128 1 0.186184
128 128 10 0.198221
128 128 100 0.352349
128 128 1000 2.05591
256 128 1 0.188444
256 128 10 0.201166
256 128 100 0.371943
256 128 1000 2.53886
512 128 1 0.191275
512 128 10 0.20073
512 128 100 0.396138
512 128 1000 2.83559
1024 128 1 0.187624
1024 128 10 0.199838
1024 128 100 0.432405
1024 128 1000 3.07982
2048 128 1 0.189372
2048 128 10 0.262572
2048 128 100 0.441794
2048 128 1000 3.54213
4096 128 1 0.193686
4096 128 10 0.260811
4096 128 100 0.52254
4096 128 1000 4.38728
8192 128 1 0.255959
8192 128 10 0.273454
8192 128 100 0.719959
8192 128 1000 6.10625
16384 128 1 0.266588
16384 128 10 0.350793
16384 128 100 1.26305
16384 128 1000 11.3754
32768 128 1 0.263303
32768 128 10 0.47203
32768 128 100 2.21975
32768 128 1000 20.3312
16 256 1 0.188122
16 256 10 0.197162
16 256 100 0.379036
16 256 1000 2.25332
32 256 1 0.188302
32 256 10 0.195725
32 256 100 0.39958
32 256 1000 2.22865
64 256 1 0.188135
64 256 10 0.19929
64 256 100 0.379754
64 256 1000 2.39344
128 256 1 0.19177
128 256 10 0.262326
128 256 100 0.414756
128 256 1000 2.83554
256 256 1 0.18939
256 256 10 0.259959
256 256 100 0.411792
256 256 1000 3.21954
512 256 1 0.186118
512 256 10 0.267786
512 256 100 0.441148
512 256 1000 3.53937
1024 256 1 0.190239
1024 256 10 0.270998
1024 256 100 0.543987
1024 256 1000 3.69618
2048 256 1 0.193151
2048 256 10 0.272255
2048 256 100 0.571392
2048 256 1000 4.50478
4096 256 1 0.247154
4096 256 10 0.260859
4096 256 100 0.710197
4096 256 1000 5.89058
8192 256 1 0.265534
8192 256 10 0.295095
8192 256 100 0.915983
8192 256 1000 8.08208
16384 256 1 0.268369
16384 256 10 0.398492
16384 256 100 1.68937
16384 256 1000 16.4144
32768 256 1 0.291033
32768 256 10 0.473437
32768 256 100 2.44163
32768 256 1000 20.6218
16 512 1 0.189031
16 512 10 0.263755
16 512 100 0.433544
16 512 1000 2.93316
32 512 1 0.190118
32 512 10 0.264133
32 512 100 0.422752
32 512 1000 3.21685
64 512 1 0.191223
64 512 10 0.269151
64 512 100 0.468189
64 512 1000 3.38765
128 512 1 0.19017
128 512 10 0.274607
128 512 100 0.514296
128 512 1000 3.21584
256 512 1 0.188737
256 512 10 0.257349
256 512 100 0.522987
256 512 1000 4.41504
512 512 1 0.19583
512 512 10 0.258197
512 512 100 0.589895
512 512 1000 5.09912
1024 512 1 0.189737
1024 512 10 0.26581
1024 512 100 0.687969
1024 512 1000 5.79733
2048 512 1 0.276566
2048 512 10 0.27126
2048 512 100 0.789539
2048 512 1000 7.10203
4096 512 1 0.251884
4096 512 10 0.289445
4096 512 100 0.941883
4096 512 1000 10.4363
8192 512 1 0.281098
8192 512 10 0.354938
8192 512 100 1.31768
8192 512 1000 12.8582
16384 512 1 0.295017
16384 512 10 0.648717
16384 512 100 1.76659
16384 512 1000 14.887
32768 512 1 0.333905
32768 512 10 0.641707
32768 512 100 3.51683
32768 512 1000 32.1754
16 1024 1 0.193096
16 1024 10 0.25746
16 1024 100 0.586947
16 1024 1000 4.15971
32 1024 1 0.192066
32 1024 10 0.261382
32 1024 100 0.589892
32 1024 1000 3.76691
64 1024 1 0.193656
64 1024 10 0.258507
64 1024 100 0.611215
64 1024 1000 4.04814
128 1024 1 0.192695
128 1024 10 0.261051
128 1024 100 0.592845
128 1024 1000 4.74034
256 1024 1 0.255084
256 1024 10 0.264756
256 1024 100 0.622113
256 1024 1000 5.34925
512 1024 1 0.263528
512 1024 10 0.266783
512 1024 100 0.790074
512 1024 1000 6.54778
1024 1024 1 0.261482
1024 1024 10 0.273347
1024 1024 100 0.86516
1024 1024 1000 7.52076
2048 1024 1 0.26637
2048 1024 10 0.314921
2048 1024 100 1.06943
2048 1024 1000 9.73709
4096 1024 1 0.256896
4096 1024 10 0.363238
4096 1024 100 1.34664
4096 1024 1000 16.3119
8192 1024 1 0.271379
8192 1024 10 0.357719
8192 1024 100 1.06265
8192 1024 1000 8.58208
16384 1024 1 0.322478
16384 1024 10 0.530308
16384 1024 100 2.461
16384 1024 1000 21.056
32768 1024 1 0.443093
32768 1024 10 0.933479
32768 1024 100 6.12846
32768 1024 1000 57.1038
16 2048 1 0.255483
16 2048 10 0.262034
16 2048 100 0.646164
16 2048 1000 5.19034
32 2048 1 0.192307
32 2048 10 0.270399
32 2048 100 0.654465
32 2048 1000 5.32608
64 2048 1 0.192191
64 2048 10 0.272672
64 2048 100 0.644492
64 2048 1000 5.61318
128 2048 1 0.259845
128 2048 10 0.289812
128 2048 100 0.814158
128 2048 1000 5.82373
256 2048 1 0.195148
256 2048 10 0.269543
256 2048 100 0.843873
256 2048 1000 6.71149
512 2048 1 0.259519
512 2048 10 0.290777
512 2048 100 0.977646
512 2048 1000 7.8747
1024 2048 1 0.261008
1024 2048 10 0.314364
1024 2048 100 1.10227
1024 2048 1000 9.5089
2048 2048 1 0.262289
2048 2048 10 0.354394
2048 2048 100 1.47675
2048 2048 1000 12.618
4096 2048 1 0.274035
4096 2048 10 0.363009
4096 2048 100 1.385
4096 2048 1000 9.86783
8192 2048 1 0.299968
8192 2048 10 0.414249
8192 2048 100 1.48293
8192 2048 1000 12.1039
16384 2048 1 0.433172
16384 2048 10 0.73552
16384 2048 100 4.24108
16384 2048 1000 38.6556
32768 2048 1 0.656004
32768 2048 10 1.55055
32768 2048 100 10.497
32768 2048 1000 100.548
16 4096 1 0.251903
16 4096 10 0.276473
16 4096 100 0.782848
16 4096 1000 6.27522
32 4096 1 0.254974
32 4096 10 0.279562
32 4096 100 0.822613
32 4096 1000 6.23696
64 4096 1 0.255969
64 4096 10 0.277924
64 4096 100 0.798823
64 4096 1000 6.51706
128 4096 1 0.25091
128 4096 10 0.278119
128 4096 100 0.910954
128 4096 1000 6.95884
256 4096 1 0.269656
256 4096 10 0.295545
256 4096 100 0.978117
256 4096 1000 7.98224
512 4096 1 0.263898
512 4096 10 0.319972
512 4096 100 1.21299
512 4096 1000 10.5339
1024 4096 1 0.266013
1024 4096 10 0.370493
1024 4096 100 1.41971
1024 4096 1000 13.1786
2048 4096 1 0.276627
2048 4096 10 0.403087
2048 4096 100 1.42189
2048 4096 1000 11.6607
4096 4096 1 0.306686
4096 4096 10 0.430961
4096 4096 100 1.63154
4096 4096 1000 13.7001
8192 4096 1 0.38739
8192 4096 10 0.549436
8192 4096 100 2.19136
8192 4096 1000 18.4367
16384 4096 1 0.587976
16384 4096 10 1.24023
16384 4096 100 7.42935
16384 4096 1000 69.1622
32768 4096 1 1.04159
32768 4096 10 2.80833
32768 4096 100 20.0755
32768 4096 1000 191.25
16 8192 1 0.241549
16 8192 10 0.2635
16 8192 100 0.888279
16 8192 1000 6.88636
32 8192 1 0.250856
32 8192 10 0.268556
32 8192 100 0.912461
32 8192 1000 7.35573
64 8192 1 0.254008
64 8192 10 0.278078
64 8192 100 0.994526
64 8192 1000 7.8061
128 8192 1 0.255991
128 8192 10 0.313224
128 8192 100 1.06192
128 8192 1000 8.88261
256 8192 1 0.251448
256 8192 10 0.345205
256 8192 100 1.27591
256 8192 1000 10.4493
512 8192 1 0.272305
512 8192 10 0.387431
512 8192 100 1.51977
512 8192 1000 15.0424
1024 8192 1 0.292919
1024 8192 10 0.391349
1024 8192 100 1.87622
1024 8192 1000 15.6054
2048 8192 1 0.318464
2048 8192 10 0.467924
2048 8192 100 2.18056
2048 8192 1000 18.4611
4096 8192 1 0.38182
4096 8192 10 0.588666
4096 8192 100 2.51126
4096 8192 1000 22.1299
8192 8192 1 0.534054
8192 8192 10 0.900574
8192 8192 100 3.75723
8192 8192 1000 32.3785
16384 8192 1 0.933843
16384 8192 10 2.13196
16384 8192 100 13.9549
16384 8192 1000 134.081
32768 8192 1 1.8552
32768 8192 10 5.3051
32768 8192 100 39.1933
32768 8192 1000 379.46
16 16384 1 0.204896
16 16384 10 0.30816
16 16384 100 1.0549
16 16384 1000 8.62322
32 16384 1 0.257479
32 16384 10 0.288937
32 16384 100 1.12102
32 16384 1000 9.05727
64 16384 1 0.282483
64 16384 10 0.319978
64 16384 100 0.963063
64 16384 1000 9.95842
128 16384 1 0.247008
128 16384 10 0.343621
128 16384 100 1.3658
128 16384 1000 11.5142
256 16384 1 0.265761
256 16384 10 0.389651
256 16384 100 1.68512
256 16384 1000 15.1238
512 16384 1 0.290674
512 16384 10 0.437972
512 16384 100 2.59105
512 16384 1000 21.1529
1024 16384 1 0.33321
1024 16384 10 0.639829
1024 16384 100 3.32339
1024 16384 1000 28.6922
2048 16384 1 0.409821
2048 16384 10 0.747599
2048 16384 100 3.87338
2048 16384 1000 33.5853
4096 16384 1 0.527152
4096 16384 10 0.981568
4096 16384 100 4.36561
4096 16384 1000 38.5494
8192 16384 1 0.829663
8192 16384 10 1.37541
8192 16384 100 6.86586
8192 16384 1000 61.3458
16384 16384 1 1.61469
16384 16384 10 4.02039
16384 16384 100 27.3605
16384 16384 1000 260.757
16 32768 1 0.237641
16 32768 10 0.337635
16 32768 100 1.22818
16 32768 1000 11.1848
32 32768 1 0.256644
32 32768 10 0.356229
32 32768 100 1.41177
32 32768 1000 12.1474
64 32768 1 0.251963
64 32768 10 0.327183
64 32768 100 1.59169
64 32768 1000 14.1056
128 32768 1 0.27051
128 32768 10 0.401015
128 32768 100 1.86811
128 32768 1000 16.0615
256 32768 1 0.296066
256 32768 10 0.474855
256 32768 100 2.74014
256 32768 1000 25.4894
512 32768 1 0.348874
512 32768 10 0.648225
512 32768 100 4.68648
512 32768 1000 40.3294
1024 32768 1 0.438491
1024 32768 10 0.867277
1024 32768 100 5.77881
1024 32768 1000 55.3534
2048 32768 1 0.584135
2048 32768 10 1.19165
2048 32768 100 6.95698
2048 32768 1000 64.078
4096 32768 1 0.895726
4096 32768 10 1.62786
4096 32768 100 8.03579
4096 32768 1000 72.7057
8192 32768 1 1.43644
8192 32768 10 2.6585
8192 32768 100 13.1314
8192 32768 1000 119.911
