#F2
# total size 248 126
 43  99
 49  94
 90  96
 91 100
 89 103
 86 101
 83 104
 79 107
 77 110
 72 107
 69 104
 69 100
 69  93
 68  87
 67  82
 71  84
 76  84
 81  82
 85  83
 82  77
 86  78
 88  74
 92  74
 98  72
106  79
 95  62
 99  61
104  62
107  58
109  63
111  58
115  60
117  59
121  59
120  64
122  67
124  62
128  69
131  72
136  73
139  83
145  95
150  96
147 100
152 100
151 104
155 104
159 102
162 104
153  68
165  71
171  77
168  73
173  72
176  76
180  82
184  85
184  91
186  97
183  99
192  99
187 104
199 103
216  69
219  68
